Memória livre disponível (bytes): 1498
Número máximo de leituras possíveis: 749
Vamos tentar realizar: 674 leituras
Iniciando a captura de dados...
Tempo de início (ms): 7
Tempo de término (ms): 756
Tempo total (ms): 749
Período de amostragem (ms): 1.1113
Leituras capturadas:
444
529
558
575
583
589
593
595
594
595
598
600
602
603
603
602
600
601
602
604
605
605
604
601
602
603
605
606
606
606
604
602
603
604
605
606
606
605
603
603
604
605
607
607
606
604
602
604
605
606
607
607
606
603
603
604
605
607
607
606
604
602
603
605
606
606
607
605
604
603
604
606
607
607
607
604
603
604
606
606
607
607
606
604
604
605
606
607
607
607
605
603
604
605
607
607
608
606
604
603
605
607
607
608
607
604
604
604
606
607
607
607
606
604
604
605
606
607
607
607
605
604
605
606
607
607
607
606
604
604
605
606
607
608
606
605
603
605
606
607
608
607
606
604
604
605
606
607
607
607
605
604
605
606
607
607
607
606
604
604
605
607
607
608
607
604
604
605
606
607
607
607
606
604
604
605
606
607
608
607
605
604
605
606
607
607
607
605
604
604
606
606
607
608
607
605
604
605
606
607
607
607
605
604
604
605
606
607
607
607
604
603
605
606
606
607
607
605
603
604
605
606
607
607
606
604
604
605
606
607
608
607
606
604
604
605
606
607
607
606
604
603
605
606
607
607
607
605
604
604
606
607
607
607
607
604
604
605
606
607
608
608
605
603
604
605
607
607
607
607
604
604
605
606
607
607
608
605
603
604
605
606
607
607
606
604
603
605
606
607
607
607
605
603
603
605
606
607
608
606
604
604
605
606
607
607
607
605
604
604
605
607
607
607
606
604
604
605
606
607
607
607
605
603
605
606
606
607
607
606
604
604
605
606
607
607
607
605
603
604
606
607
608
607
606
604
604
605
606
607
608
607
605
604
604
605
607
607
607
606
604
604
605
607
607
607
607
605
604
604
606
607
608
608
606
604
604
605
606
607
607
607
605
603
604
606
607
607
607
606
604
604
606
606
608
607
607
605
604
604
606
607
608
607
606
604
604
605
607
607
607
607
604
603
605
606
607
607
607
606
604
604
605
606
607
608
607
605
603
604
606
607
608
607
606
604
604
605
606
607
607
607
604
603
604
606
608
607
607
606
604
604
605
606
607
607
607
604
603
604
606
607
607
607
605
605
604
605
607
607
607
606
604
603
604
606
607
608
608
606
604
604
605
606
607
607
606
604
603
605
606
607
607
607
605
604
604
605
606
607
607
606
604
603
605
606
607
607
607
606
604
604
605
606
607
607
606
604
603
605
606
607
607
607
605
604
604
605
606
607
607
606
604
604
605
606
607
607
607
605
603
604
605
606
607
607
606
604
604
605
606
607
608
607
606
604
604
605
606
607
607
606
604
603
605
606
608
607
607
605
603
604
605
606
607
607
606
604
603
604
606
607
607
607
605
603
603
605
606
607
607
606
604
603
604
606
607
607
607
605
603
604
605
606
608
607
606
604
603
604
606
607
607
607
605
603
604
605
606
607
607
606
604
603
605
606
607
607
607
605
603
604
606
606
607
607
606
604
604
604
606
607
607
607
605
603
604
605
606
607
607
606
604
603
604
606
607
607
606
605
603
604
605
606
607
607
605
604
603
605
606
607
607
607
Captura concluída.
